FreiHAND


Evaluation 3D KP results:
auc=0.120, mean_kp3d_avg=10.42 cm
Evaluation 3D KP ALIGNED results:
auc=0.820, mean_kp3d_avg=0.90 cm

PCK curve for aligned keypoint error:
x_axis: [ 0. 0.05050505 0.1010101 0.15151515 0.2020202 0.25252525 0.3030303 0.35353535 0.4040404 0.45454545 0.50505051 0.55555556 0.60606061 0.65656566 0.70707071 0.75757576 0.80808081 0.85858586 0.90909091 0.95959596 1.01010101 1.06060606 1.11111111 1.16161616 1.21212121 1.26262626 1.31313131 1.36363636 1.41414141 1.46464646 1.51515152 1.56565657 1.61616162 1.66666667 1.71717172 1.76767677 1.81818182 1.86868687 1.91919192 1.96969697 2.02020202 2.07070707 2.12121212 2.17171717 2.22222222 2.27272727 2.32323232 2.37373737 2.42424242 2.47474747 2.52525253 2.57575758 2.62626263 2.67676768 2.72727273 2.77777778 2.82828283 2.87878788 2.92929293 2.97979798 3.03030303 3.08080808 3.13131313 3.18181818 3.23232323 3.28282828 3.33333333 3.38383838 3.43434343 3.48484848 3.53535354 3.58585859 3.63636364 3.68686869 3.73737374 3.78787879 3.83838384 3.88888889 3.93939394 3.98989899 4.04040404 4.09090909 4.14141414 4.19191919 4.24242424 4.29292929 4.34343434 4.39393939 4.44444444 4.49494949 4.54545455 4.5959596 4.64646465 4.6969697 4.74747475 4.7979798 4.84848485 4.8989899 4.94949495 5. ]

y_axis: [ 0.00000000e+00 0.00000000e+00 6.01250601e-05 1.56325156e-04 4.32900433e-04 9.74025974e-04 1.64742665e-03 2.54930255e-03 3.64357864e-03 4.81000481e-03 6.12073112e-03 7.62385762e-03 9.59595960e-03 1.15800866e-02 1.36844637e-02 1.60654161e-02 1.83501684e-02 2.09114959e-02 2.31842232e-02 2.55531506e-02 2.81144781e-02 3.06878307e-02 3.36580087e-02 3.65560366e-02 3.94179894e-02 4.22318422e-02 4.50456950e-02 4.81721982e-02 5.10341510e-02 5.38600289e-02 5.68662819e-02 6.00529101e-02 6.33116883e-02 6.60293410e-02 6.92159692e-02 7.23063973e-02 7.54208754e-02 7.82106782e-02 8.13251563e-02 8.44516595e-02 8.76863877e-02 9.07888408e-02 9.40235690e-02 9.75589226e-02 1.00769601e-01 1.04004329e-01 1.07034632e-01 1.10329485e-01 1.13203463e-01 1.16534392e-01 1.19155844e-01 1.21933622e-01 1.25336700e-01 1.28042328e-01 1.31108706e-01 1.34030784e-01 1.37229437e-01 1.39911015e-01 1.42905243e-01 1.45959596e-01 1.49062049e-01 1.52344877e-01 1.55327080e-01 1.58453583e-01 1.61531987e-01 1.64862915e-01 1.68013468e-01 1.71043771e-01 1.74037999e-01 1.77092352e-01 1.80399230e-01 1.83561809e-01 1.86820587e-01 1.89826840e-01 1.92784993e-01 1.96260221e-01 1.98965849e-01 2.01743627e-01 2.04906205e-01 2.07840308e-01 2.10702261e-01 2.13864839e-01 2.16822992e-01 2.20238095e-01 2.23268398e-01 2.26334776e-01 2.29329004e-01 2.32347282e-01 2.35461760e-01 2.38588264e-01 2.41847042e-01 2.44865320e-01 2.48160173e-01 2.51334776e-01 2.54401154e-01 2.57407407e-01 2.60317460e-01 2.63251563e-01 2.66366041e-01 2.69119769e-01]

PCK curve for aligned keypoint error:
x_axis: [ 0. 0.05050505 0.1010101 0.15151515 0.2020202 0.25252525 0.3030303 0.35353535 0.4040404 0.45454545 0.50505051 0.55555556 0.60606061 0.65656566 0.70707071 0.75757576 0.80808081 0.85858586 0.90909091 0.95959596 1.01010101 1.06060606 1.11111111 1.16161616 1.21212121 1.26262626 1.31313131 1.36363636 1.41414141 1.46464646 1.51515152 1.56565657 1.61616162 1.66666667 1.71717172 1.76767677 1.81818182 1.86868687 1.91919192 1.96969697 2.02020202 2.07070707 2.12121212 2.17171717 2.22222222 2.27272727 2.32323232 2.37373737 2.42424242 2.47474747 2.52525253 2.57575758 2.62626263 2.67676768 2.72727273 2.77777778 2.82828283 2.87878788 2.92929293 2.97979798 3.03030303 3.08080808 3.13131313 3.18181818 3.23232323 3.28282828 3.33333333 3.38383838 3.43434343 3.48484848 3.53535354 3.58585859 3.63636364 3.68686869 3.73737374 3.78787879 3.83838384 3.88888889 3.93939394 3.98989899 4.04040404 4.09090909 4.14141414 4.19191919 4.24242424 4.29292929 4.34343434 4.39393939 4.44444444 4.49494949 4.54545455 4.5959596 4.64646465 4.6969697 4.74747475 4.7979798 4.84848485 4.8989899 4.94949495 5. ]

y_axis: [ 0.00000000e+00 9.01875902e-04 6.36123136e-03 1.96849447e-02 4.22799423e-02 7.45791246e-02 1.17303992e-01 1.65957191e-01 2.18241943e-01 2.71164021e-01 3.24314574e-01 3.76394901e-01 4.26815777e-01 4.74194324e-01 5.18229918e-01 5.58537759e-01 5.95646946e-01 6.28282828e-01 6.57732083e-01 6.86471861e-01 7.11736412e-01 7.33754209e-01 7.55363155e-01 7.74470899e-01 7.91065416e-01 8.06721982e-01 8.20478595e-01 8.32852333e-01 8.44757095e-01 8.55170755e-01 8.64935065e-01 8.73953824e-01 8.82154882e-01 8.89874940e-01 8.96584897e-01 9.03318903e-01 9.09499759e-01 9.15151515e-01 9.20057720e-01 9.24555075e-01 9.28932179e-01 9.32816258e-01 9.36195286e-01 9.39538240e-01 9.42845118e-01 9.45586821e-01 9.48821549e-01 9.51683502e-01 9.54304954e-01 9.56902357e-01 9.58982684e-01 9.61183261e-01 9.63119288e-01 9.64923040e-01 9.66690717e-01 9.68314093e-01 9.69949495e-01 9.71404521e-01 9.72691198e-01 9.73881674e-01 9.75012025e-01 9.76190476e-01 9.77356902e-01 9.78246753e-01 9.79160654e-01 9.80230880e-01 9.80988456e-01 9.82142857e-01 9.83068783e-01 9.84030784e-01 9.84716210e-01 9.85377585e-01 9.85870611e-01 9.86459836e-01 9.87061087e-01 9.87590188e-01 9.88059163e-01 9.88540164e-01 9.89129389e-01 9.89598365e-01 9.90079365e-01 9.90404040e-01 9.90812891e-01 9.91089466e-01 9.91618567e-01 9.91991342e-01 9.92376142e-01 9.92532468e-01 9.92833093e-01 9.93085618e-01 9.93434343e-01 9.93626744e-01 9.94011544e-01 9.94336219e-01 9.94540645e-01 9.94769120e-01 9.94961520e-01 9.95214045e-01 9.95478595e-01 9.95610871e-01]
